observation_date,GDP,Money_Supply,Money_Supply,Money_Supply,Money_Supply,Interest_Rate,PPI,Real_Dollar_Index,CPI,Unemployment_Rate
2020-03-31,-1.31848983943194,-2.9460607184804855,-3.2735542093659884,-2.9460607184804855,-3.2735542093659884,-0.3815704024133432,-1.6904212268443009,-0.0787377384390429,-1.4041419780580222,-0.5745020022513686
2020-06-30,-1.9402030277060334,-1.9745901935991181,-3.0786607439497096,-1.9745901935991181,-3.0786607439497096,-1.046099946401283,-1.760947684798461,-0.44204011239440383,-1.4586238670683476,4.25923898220842
2020-09-30,-1.3334431785125866,-1.1765943765782088,-0.1990569367013129,-1.1765943765782088,-0.1990569367013129,-1.02452431185622,-1.6013351746916773,-0.9294464757763627,-1.3185207894824535,2.273952506448149
2020-12-31,-1.2001598275124994,-0.9049815059113102,-0.05701919415433991,-0.9049815059113102,-0.05701919415433991,-1.0288394387652327,-1.4157392327070455,-1.7418538625936475,-1.2208717493190937,0.8497252520983906
2021-03-31,-0.9961754131331466,-0.5544446356640124,0.11053344734136124,-0.5544446356640124,0.11053344734136124,-1.0374696925832578,-0.8775110009516134,-1.437113851747053,-1.0827653901786032,0.6339332438635786
2021-06-30,-0.749161209716501,-0.06904379695036283,0.3221485414472037,-0.06904379695036283,0.3221485414472037,-1.046099946401283,-0.3615542822343369,-1.4887392502116588,-0.8092149631581664,0.504458038922691
2021-09-30,-0.557282110619435,0.2352209903380103,0.4542397979633159,0.2352209903380103,0.4542397979633159,-1.0374696925832578,-0.10996042327997041,-1.0714639074395502,-0.6559905929310414,0.2023492273939546
2021-12-31,-0.26066893099502764,0.5515250317996662,0.5895264231801634,0.5515250317996662,0.5895264231801634,-1.0374696925832578,0.10013418304663263,-0.3943273311833609,-0.3269599176775737,-0.18607638742870708
2022-03-31,-0.10857093118231455,0.8024644357043672,0.6961748567332781,0.8024644357043672,0.6961748567332781,-1.0331545656742451,0.7933721455476298,-0.24122767551548263,-0.0062964435286582575,-0.40186839566351906
2022-06-30,0.09620232681670506,0.8979272086945246,0.7448021217730395,0.8979272086945246,0.7448021217730395,-0.9252763929489302,1.544553161136227,0.6433833615919192,0.347550589546267,-0.5313436006044062
2022-09-30,0.25793261369507625,0.8500742135714325,0.7042954177922895,0.8500742135714325,0.7042954177922895,-0.0665661380554239,1.0860198268689978,1.5498416074719286,0.4114931207145842,-0.6176604038983311
2022-12-31,0.41829127011075445,0.7215946980757625,0.6000975677540246,0.7215946980757625,0.6000975677540246,0.26138350702953345,0.714790823711336,0.816024954245174,0.528966722585892,-0.5745020022513686
2023-03-31,0.5674853957193178,0.5724417158178927,0.45878058506436037,0.5724417158178927,0.45878058506436037,0.8007743706561078,0.6837963013999032,0.557094289188969,0.6683566864412848,-0.6176604038983311
2023-06-30,0.6678967935972848,0.2830739854611024,0.2410630574999721,0.2830739854611024,0.2410630574999721,1.0165307161067376,0.5649406601529452,0.3279629631072145,0.7757516142548335,-0.6608188055452935
2023-09-30,0.8461608819710822,0.3138409683483752,0.17717970881384174,0.3138409683483752,0.17717970881384174,1.2322870615573673,0.7532834220789499,0.7565108734260795,0.9319235212346992,-0.6176604038983311
2023-12-31,0.9603836342349097,0.2529758500278999,0.10231678496804247,0.2529758500278999,0.10231678496804247,1.2322870615573673,0.4166866216956213,0.3466589287945188,1.0010480121779943,-0.4450267973104815
2024-03-31,1.0738543139536885,0.2916473937360138,0.07963687479139424,0.2916473937360138,0.07963687479139424,1.2322870615573673,0.6107828578231487,0.6014654837726431,1.1668707249773147,-0.5313436006044062
2024-06-30,1.2100616591798874,0.3860156890740552,0.08936713286506202,0.3860156890740552,0.08936713286506202,1.2322870615573673,0.6411834731202309,1.0954069754321758,1.2058067346627037,-0.4450267973104815
2024-09-30,1.334320139639398,0.48214730951828516,0.10298949416819711,0.48214730951828516,0.10298949416819711,1.2322870615573673,0.521214256221365,0.7297570311246762,1.291475464153638,-0.3155515923695942
2024-12-31,1.4472926753661624,0.648203891069953,0.1522654430795366,0.648203891069953,0.1522654430795366,1.0165307161067376,0.5549184792857746,1.923634025523334,1.4223080632430105,-0.35870999401655684
