observation_date,GDP,Money_Supply,Money_Supply,Money_Supply,Money_Supply,Interest_Rate,PPI,Real_Dollar_Index,CPI,Unemployment_Rate
2020-03-31,-1.259381197337979,-2.4784598965033937,-3.061330322057217,-2.4784598965033937,-3.061330322057217,-0.9486370270654618,-1.594341034334524,-1.1194885615368688,-1.3426085839853152,-0.582715202169899
2020-06-30,-1.9155217981370598,-1.1817937615455616,-0.2235874347305399,-1.1817937615455616,-0.2235874347305399,-0.9486370270654618,-1.6628700482554892,0.38994320558195145,-1.3995265729098716,4.073067916313675
2020-09-30,-1.2751625786459178,-0.9170381882057836,-0.08613901693487068,-0.9170381882057836,-0.08613901693487068,-0.9442840548009859,-1.507778069381726,-0.47670204864247584,-1.2531589347242924,2.1608712783650637
2020-12-31,-1.1344986524961689,-0.6179173057731695,0.059629132387330155,-0.6179173057731695,0.059629132387330155,-0.9442840548009859,-1.327438559063397,-0.9725860847054174,-1.151143621241708,0.7890780380975826
2021-03-31,-0.9192185864964906,-0.20190680798327024,0.24231753075524906,-0.20190680798327024,0.24231753075524906,-0.957342971594414,-0.8044539791402435,-1.8640310517802945,-1.0068619826502214,0.5812305774509945
2021-06-30,-0.6585259537961367,0.19763450188497828,0.4107632862328716,0.19763450188497828,0.4107632862328716,-0.9486370270654618,-0.3031101404552891,-1.4190029602026697,-0.7210800382593776,0.4565221010630413
2021-09-30,-0.4560215357833243,0.4902152735905824,0.5344069417449044,0.4902152735905824,0.5344069417449044,-0.957342971594414,-0.05864190026776286,-1.1020516078793519,-0.5610044027411817,0.16553565615781826
2021-12-31,-0.1429833799996921,0.807648466058822,0.6664164214789077,0.807648466058822,0.6664164214789077,-0.952989999329938,0.14550242541258526,-0.7993187575902958,-0.21726146962873114,-0.20858977300604048
2022-03-31,0.01753705749415508,0.935596814099964,0.7241705688625335,0.935596814099964,0.7241705688625335,-0.8398127204535603,0.8191065643536077,-0.4457520070051178,0.11774013185132715,-0.4164372336526286
2022-06-30,0.23364964938568641,0.893680649895036,0.7046503123446038,0.893680649895036,0.7046503123446038,-0.29569118739405253,1.5490126984160106,0.005448457548616505,0.4874090599189426,-0.5411457100405814
2022-09-30,0.40433576253437237,0.8077673771629499,0.62797511348374,0.8077673771629499,0.62797511348374,0.35725465227735687,1.103465904223549,1.2293418419546882,0.5542107135869466,-0.6242846942992167
2022-12-31,0.5735742910848224,0.6681657409173183,0.5023725184155986,0.6681657409173183,0.5023725184155986,0.9013761853368646,0.7427508156848266,2.075970972385154,0.6769370230394633,-0.582715202169899
2023-03-31,0.7310300521315684,0.4285598661004966,0.3187161734434855,0.4285598661004966,0.3187161734434855,1.1190247985606678,0.7126341174616664,0.5021481286119749,0.8225596613700097,-0.6242846942992167
2023-06-30,0.8370017383903432,0.38004413561649586,0.20747145300423422,0.38004413561649586,0.20747145300423422,1.2278491051725693,0.5971446950538087,0.43317186060393126,0.9347566395380508,-0.6658541864285343
2023-09-30,1.02513721348166,0.3164266949083075,0.1304505589275866,0.3164266949083075,0.1304505589275866,1.336673411784471,0.7801532301248493,0.17027286019999072,1.0979116077903857,-0.6242846942992167
2023-12-31,1.1456850588689627,0.3425871378163476,0.09839308925056223,0.3425871378163476,0.09839308925056223,1.336673411784471,0.45308949421152767,1.2603359719704486,1.1701269270716321,-0.45800672578194623
2024-03-31,1.2654391856399325,0.4243979774560357,0.10274884896943855,0.4243979774560357,0.10274884896943855,1.336673411784471,0.6416885541024354,0.5440541322819308,1.3433642266954189,-0.5411457100405814
2024-06-30,1.409189022406408,0.5178026497481506,0.11544738656256674,0.5178026497481506,0.11544738656256674,1.336673411784471,0.6712281658925773,1.0614532970044603,1.3840412187802453,-0.45800672578194623
