observation_date,GDP,Money_Supply,Money_Supply,Money_Supply,Money_Supply,Interest_Rate,PPI,Real_Dollar_Index,CPI,Unemployment_Rate
2020-03-31,-1.259381197337979,-2.8228859096085674,-3.1266206251449313,-2.8228859096085674,-3.1266206251449313,-0.29133821512957647,-1.594341034334524,0.033356401076322074,-1.3426085839853152,-0.6242846942992167
2020-06-30,-1.9155217981370598,-1.8729645542863933,-2.9396686524490114,-1.8729645542863933,-2.9396686524490114,-0.9616959438588901,-1.6628700482554892,-0.3453186810081058,-1.3995265729098716,3.4079560422445923
2020-09-30,-1.2751625786459178,-1.0926698890020332,-0.1774025539018138,-1.0926698890020332,-0.1774025539018138,-0.9399310825365097,-1.507778069381726,-0.8533490653204687,-1.2531589347242924,1.412620420037347
2020-12-31,-1.1344986524961689,-0.8270819379333645,-0.041152546187528845,-0.8270819379333645,-0.041152546187528845,-0.9442840548009859,-1.327438559063397,-1.7001325050753395,-1.151143621241708,0.7059390538389473
2021-03-31,-0.9192185864964906,-0.4843206802859757,0.11957268280425383,-0.4843206802859757,0.11957268280425383,-0.952989999329938,-0.8044539791402435,-1.3824977828868117,-1.0068619826502214,0.4980915931923592
2021-06-30,-0.6585259537961367,-0.009687008161237633,0.3225649135125462,-0.009687008161237633,0.3225649135125462,-0.9616959438588901,-0.3031101404552891,-1.4363076487249797,-0.7210800382593776,0.3318136246750885
2021-09-30,-0.4560215357833243,0.2878285743656533,0.44927373327119585,0.2878285743656533,0.44927373327119585,-0.952989999329938,-0.05864190026776286,-1.001375795801137,-0.5610044027411817,0.0408271797698651
2021-12-31,-0.1429833799996921,0.597116356201164,0.5790477172764623,0.597116356201164,0.5790477172764623,-0.952989999329938,0.14550242541258526,-0.295586990172009,-0.21726146962873114,-0.3332982493939933
2022-03-31,0.01753705749415508,0.8424894195681676,0.6813504548007709,0.8424894195681676,0.6813504548007709,-0.9486370270654618,0.8191065643536077,-0.1360091045503344,0.11774013185132715,-0.4995762179112639
2022-06-30,0.23364964938568641,0.9358346363082197,0.7279962625838747,0.9358346363082197,0.7279962625838747,-0.8398127204535603,1.5490126984160106,0.7860331971346951,0.4874090599189426,-0.582715202169899
2022-09-30,0.40433576253437237,0.8890431168340658,0.6891401203297675,0.8890431168340658,0.6891401203297675,0.026428760177176,1.103465904223549,1.730847146263733,0.5542107135869466,-0.582715202169899
2022-12-31,0.5735742910848224,0.76341353532341,0.5891881102727894,0.76341353532341,0.5891881102727894,0.35725465227735687,0.7427508156848266,0.9659799135775397,0.6769370230394633,-0.582715202169899
2023-03-31,0.7310300521315684,0.6175690661110871,0.45362949299007216,0.6175690661110871,0.45362949299007216,0.9013761853368646,0.7126341174616664,0.6960929051970729,0.8225596613700097,-0.582715202169899
2023-06-30,0.8370017383903432,0.33462009383980723,0.2447834899611742,0.33462009383980723,0.2447834899611742,1.1190247985606678,0.5971446950538087,0.45726615939996673,0.9347566395380508,-0.582715202169899
2023-09-30,1.02513721348166,0.36470460318405246,0.1835032513765522,0.36470460318405246,0.1835032513765522,1.336673411784471,0.7801532301248493,0.9039475651676199,1.0979116077903857,-0.5411457100405814
2023-12-31,1.1456850588689627,0.30518959556826214,0.11169083188438214,0.30518959556826214,0.11169083188438214,1.336673411784471,0.45308949421152767,0.4767532226531166,1.1701269270716321,-0.5411457100405814
2024-03-31,1.2654391856399325,0.3430033266807919,0.08993507963771658,0.3430033266807919,0.08993507963771658,1.336673411784471,0.6416885541024354,0.7423416141395072,1.3433642266954189,-0.45800672578194623
2024-06-30,1.409189022406408,0.43527834348369737,0.0992688504638812,0.43527834348369737,0.0992688504638812,1.336673411784471,0.6712281658925773,1.2571836529147904,1.3840412187802453,-0.4164372336526286
