observation_date,GDP,Money_Supply,Money_Supply,Money_Supply,Money_Supply,Interest_Rate,PPI,Real_Dollar_Index,CPI,Unemployment_Rate
2020-03-31,-1.259381197337979,-2.4784598965033937,-3.061330322057217,-2.4784598965033937,-3.061330322057217,-0.29569118739405253,-1.3707200415397955,0.033356401076322074,-1.3050605912916262,-0.6242846942992167
2020-06-30,-1.9155217981370598,-1.1817937615455616,-0.2235874347305399,-1.1817937615455616,-0.2235874347305399,-0.9616959438588901,-1.8684570900183837,-0.3453186810081058,-1.4431338977578339,3.4079560422445923
2020-09-30,-1.2751625786459178,-0.9170381882057836,-0.08613901693487068,-0.9170381882057836,-0.08613901693487068,-0.9442840548009859,-1.5979478245408905,-0.8533490653204687,-1.3297945864787375,1.412620420037347
2020-12-31,-1.1344986524961689,-0.6179173057731695,0.059629132387330155,-0.6179173057731695,0.059629132387330155,-0.9442840548009859,-1.4717101673180601,-1.7001325050753395,-1.238358270937627,0.7059390538389473
2021-03-31,-0.9192185864964906,-0.20190680798327024,0.24231753075524906,-0.20190680798327024,0.24231753075524906,-0.952989999329938,-1.172346580189634,-1.3824977828868117,-1.1256646261995642,0.4980915931923592
2021-06-30,-0.6585259537961367,0.19763450188497828,0.4107632862328716,0.19763450188497828,0.4107632862328716,-0.9616959438588901,-0.6998570631556126,-1.4363076487249797,-0.91537600045211,0.3318136246750885
2021-09-30,-0.4560215357833243,0.4902152735905824,0.5344069417449044,0.4902152735905824,0.5344069417449044,-0.957342971594414,-0.19670982936747552,-1.001375795801137,-0.6550233844464064,0.0408271797698651
2021-12-31,-0.1429833799996921,0.807648466058822,0.6664164214789077,0.807648466058822,0.6664164214789077,-0.952989999329938,0.1140151469110054,-0.295586990172009,-0.43450342735649433,-0.3332982493939933
2022-03-31,0.01753705749415508,0.935596814099964,0.7241705688625335,0.935596814099964,0.7241705688625335,-0.9486370270654618,0.329989744468236,-0.1360091045503344,-0.13868881825119966,-0.4995762179112639
2022-06-30,0.23364964938568641,0.893680649895036,0.7046503123446038,0.893680649895036,0.7046503123446038,-0.6221641072297572,1.0101221736827812,0.7860331971346951,0.1778864534810313,-0.582715202169899
2022-09-30,0.40433576253437237,0.8077673771629499,0.62797511348374,0.8077673771629499,0.62797511348374,0.030781732441652162,1.2612990436541498,1.730847146263733,0.48646539343589995,-0.582715202169899
2022-12-31,0.5735742910848224,0.6681657409173183,0.5023725184155986,0.6681657409173183,0.5023725184155986,0.6837275721130616,1.0011412660689276,0.9659799135775397,0.629803365544344,-0.582715202169899
2023-03-31,0.7310300521315684,0.4285598661004966,0.3187161734434855,0.4285598661004966,0.3187161734434855,1.0058475196842902,0.8267890274931673,0.6960929051970729,0.7536223414509093,-0.582715202169899
2023-06-30,0.8370017383903432,0.38004413561649586,0.20747145300423422,0.38004413561649586,0.20747145300423422,1.2278491051725693,0.7070796605438621,0.45726615939996673,0.8865303155888828,-0.582715202169899
2023-09-30,1.02513721348166,0.3164266949083075,0.1304505589275866,0.3164266949083075,0.1304505589275866,1.336673411784471,0.5962429975022169,0.9039475651676199,0.9657983001644461,-0.5411457100405814
2023-12-31,1.1456850588689627,0.3425871378163476,0.09839308925056223,0.3425871378163476,0.09839308925056223,1.336673411784471,0.6451871406026113,0.4767532226531166,1.109980605441928,-0.5411457100405814
2024-03-31,1.2654391856399325,0.4243979774560357,0.10274884896943855,0.4243979774560357,0.10274884896943855,1.336673411784471,0.5050272731832063,0.7423416141395072,1.2169625846247365,-0.45800672578194623
2024-06-30,1.409189022406408,0.5178026497481506,0.11544738656256674,0.5178026497481506,0.11544738656256674,1.336673411784471,0.7096044136883184,1.2571836529147904,1.3918885505865988,-0.4164372336526286
