observation_date,GDP,Money_Supply,Money_Supply,Money_Supply,Money_Supply,Interest_Rate,PPI,Real_Dollar_Index,CPI,Unemployment_Rate
2020-03-31,-1.31848983943194,-2.9460607184804855,-3.2054904535074678,-2.9460607184804855,-3.2054904535074678,-0.3815704024133432,-1.4602822587833568,-0.0787377384390429,-1.4041419780580222,-0.22923478907566933
2020-06-30,-1.9402030277060334,-1.9745901935991181,-0.24720369516953608,-1.9745901935991181,-0.24720369516953608,-1.046099946401283,-1.972527058660941,-0.44204011239440383,-1.4586238670683476,2.6192197196238487
2020-09-30,-1.3334431785125866,-1.1765943765782088,-0.10391663553656115,-1.1765943765782088,-0.10391663553656115,-1.02452431185622,-1.6941331456839932,-0.9294464757763627,-1.3185207894824535,1.238150866921052
2020-12-31,-1.2001598275124994,-0.9049815059113102,0.04804356771269511,-0.9049815059113102,0.04804356771269511,-1.0288394387652327,-1.564215986294751,-1.7418538625936475,-1.2208717493190937,0.7634084488044657
2021-03-31,-0.9961754131331466,-0.5544446356640124,0.23849234734223745,-0.5544446356640124,0.23849234734223745,-1.0374696925832578,-1.2561267226002617,-1.437113851747053,-1.0827653901786032,0.504458038922691
2021-06-30,-0.749161209716501,-0.06904379695036283,0.41409347391121937,-0.06904379695036283,0.41409347391121937,-1.046099946401283,-0.7698653546005267,-1.4887392502116588,-0.8092149631581664,0.4181412356287666
2021-09-30,-0.557282110619435,0.2352209903380103,0.5429893617265964,0.2352209903380103,0.5429893617265964,-1.0374696925832578,-0.25205267646340457,-1.0714639074395502,-0.6559905929310414,-0.09975958413478223
2021-12-31,-0.26066893099502764,0.5515250317996662,0.6806064438154097,0.5515250317996662,0.6806064438154097,-1.0374696925832578,0.06772913157611628,-0.3943273311833609,-0.3269599176775737,-0.4450267973104815
2022-03-31,-0.10857093118231455,0.8024644357043672,0.7408139172292649,0.8024644357043672,0.7408139172292649,-1.0331545656742451,0.28999883169691126,-0.24122767551548263,-0.0062964435286582575,-0.5313436006044062
2022-06-30,0.09620232681670506,0.8979272086945246,0.7204644639245817,0.8979272086945246,0.7204644639245817,-0.9252763929489302,0.9899553672977515,0.6433833615919192,0.347550589546267,-0.5745020022513686
2022-09-30,0.25793261369507625,0.8500742135714325,0.640532195749044,0.8500742135714325,0.640532195749044,-0.0665661380554239,1.2484533952939465,1.5498416074719286,0.4114931207145842,-0.6176604038983311
2022-12-31,0.41829127011075445,0.7215946980757625,0.5095941550046255,0.7215946980757625,0.5095941550046255,0.26138350702953345,0.9807126893869159,0.816024954245174,0.528966722585892,-0.6176604038983311
2023-03-31,0.5674853957193178,0.5724417158178927,0.3181363115748516,0.5724417158178927,0.3181363115748516,0.8007743706561078,0.8012785326761738,0.557094289188969,0.6683566864412848,-0.6176604038983311
2023-06-30,0.6678967935972848,0.2830739854611024,0.20216605053387754,0.2830739854611024,0.20216605053387754,1.0165307161067376,0.6780799463867767,0.3279629631072145,0.7757516142548335,-0.5745020022513686
2023-09-30,0.8461608819710822,0.3138409683483752,0.12187340242968536,0.3138409683483752,0.12187340242968536,1.2322870615573673,0.5640126804430218,0.7565108734260795,0.9319235212346992,-0.48818519895744394
2023-12-31,0.9603836342349097,0.2529758500278999,0.08845417037913782,0.2529758500278999,0.08845417037913782,1.2322870615573673,0.6143834190976508,0.3466589287945188,1.0010480121779943,-0.48818519895744394
2024-03-31,1.0738543139536885,0.2916473937360138,0.09299495748018226,0.2916473937360138,0.09299495748018226,1.2322870615573673,0.4701382529871952,0.6014654837726431,1.1668707249773147,-0.4450267973104815
2024-06-30,1.2100616591798874,0.3860156890740552,0.10623291352608637,0.3860156890740552,0.10623291352608637,1.2322870615573673,0.6806782895745613,1.0954069754321758,1.2058067346627037,-0.35870999401655684
2024-09-30,1.334320139639398,0.48214730951828516,0.13203611641773821,0.48214730951828516,0.13203611641773821,1.2322870615573673,0.6934101711947077,0.7297570311246762,1.291475464153638,-0.35870999401655684
2024-12-31,1.4472926753661624,0.648203891069953,0.20488091266307357,0.648203891069953,0.20488091266307357,1.0165307161067376,0.5360248123917386,1.923634025523334,1.4223080632430105,-0.35870999401655684
