observation_date,GDP,Money_Supply,Money_Supply,Money_Supply,Money_Supply,Interest_Rate,PPI,Real_Dollar_Index,CPI,Unemployment_Rate
2020-03-31,-1.259381197337979,-2.7916717447751105,-3.061330322057217,-2.7916717447751105,-3.061330322057217,-0.9486370270654618,-1.594341034334524,-1.1194885615368688,-1.3426085839853152,-0.6242846942992167
2020-06-30,-1.9155217981370598,-1.356057984644346,-0.2235874347305399,-1.356057984644346,-0.2235874347305399,-0.9486370270654618,-1.6628700482554892,0.38994320558195145,-1.3995265729098716,3.4079560422445923
2020-09-30,-1.2751625786459178,-1.0505753581409147,-0.08613901693487068,-1.0505753581409147,-0.08613901693487068,-0.9442840548009859,-1.507778069381726,-0.47670204864247584,-1.2531589347242924,1.412620420037347
2020-12-31,-1.1344986524961689,-0.6993714121004762,0.059629132387330155,-0.6993714121004762,0.059629132387330155,-0.9442840548009859,-1.327438559063397,-0.9725860847054174,-1.151143621241708,0.7059390538389473
2021-03-31,-0.9192185864964906,-0.343886666311451,0.24231753075524906,-0.343886666311451,0.24231753075524906,-0.957342971594414,-0.8044539791402435,-1.8640310517802945,-1.0068619826502214,0.4980915931923592
2021-06-30,-0.6585259537961367,0.17141460342487533,0.4107632862328716,0.17141460342487533,0.4107632862328716,-0.9486370270654618,-0.3031101404552891,-1.4190029602026697,-0.7210800382593776,0.3318136246750885
2021-09-30,-0.4560215357833243,0.41322033366805533,0.5344069417449044,0.41322033366805533,0.5344069417449044,-0.957342971594414,-0.05864190026776286,-1.1020516078793519,-0.5610044027411817,0.0408271797698651
2021-12-31,-0.1429833799996921,0.7004501056879219,0.6664164214789077,0.7004501056879219,0.6664164214789077,-0.952989999329938,0.14550242541258526,-0.7993187575902958,-0.21726146962873114,-0.3332982493939933
2022-03-31,0.01753705749415508,0.8750116065470269,0.7241705688625335,0.8750116065470269,0.7241705688625335,-0.8398127204535603,0.8191065643536077,-0.4457520070051178,0.11774013185132715,-0.4995762179112639
2022-06-30,0.23364964938568641,0.9200194594592669,0.7046503123446038,0.9200194594592669,0.7046503123446038,-0.29569118739405253,1.5490126984160106,0.005448457548616505,0.4874090599189426,-0.582715202169899
2022-09-30,0.40433576253437237,0.8784005730146577,0.62797511348374,0.8784005730146577,0.62797511348374,0.35725465227735687,1.103465904223549,1.2293418419546882,0.5542107135869466,-0.582715202169899
2022-12-31,0.5735742910848224,0.7239945043051592,0.5023725184155986,0.7239945043051592,0.5023725184155986,0.9013761853368646,0.7427508156848266,2.075970972385154,0.6769370230394633,-0.582715202169899
2023-03-31,0.7310300521315684,0.5754745352499663,0.3187161734434855,0.5754745352499663,0.3187161734434855,1.1190247985606678,0.7126341174616664,0.5021481286119749,0.8225596613700097,-0.582715202169899
2023-06-30,0.8370017383903432,0.389675935050818,0.20747145300423422,0.389675935050818,0.20747145300423422,1.2278491051725693,0.5971446950538087,0.43317186060393126,0.9347566395380508,-0.582715202169899
2023-09-30,1.02513721348166,0.34829487081446453,0.1304505589275866,0.34829487081446453,0.1304505589275866,1.336673411784471,0.7801532301248493,0.17027286019999072,1.0979116077903857,-0.5411457100405814
2023-12-31,1.1456850588689627,0.31303772844067457,0.09839308925056223,0.31303772844067457,0.09839308925056223,1.336673411784471,0.45308949421152767,1.2603359719704486,1.1701269270716321,-0.5411457100405814
2024-03-31,1.2654391856399325,0.36434786987167095,0.10274884896943855,0.36434786987167095,0.10274884896943855,1.336673411784471,0.6416885541024354,0.5440541322819308,1.3433642266954189,-0.45800672578194623
2024-06-30,1.409189022406408,0.4817725851975327,0.11544738656256674,0.4817725851975327,0.11544738656256674,1.336673411784471,0.6712281658925773,1.0614532970044603,1.3840412187802453,-0.4164372336526286
